$ANSIBLE_VAULT;1.1;AES256
36376334643530623335383264373039363734313436306437363236633937383836666133643465
3964623339623062626466646666383031343062623331320a373230643532383335366334383331
64366666663264383533336466343562373232663661353234313263613630646266356566633362
3066386366653565350a646261653764343235383162353537343062303263343138356431336566
37646661626435616339333265613962623337323036643366376430343166643761373336646465
38636134326636343535303235633635663131363362653530663265613366366137666334393766
30313832613636343939336439353833626639616239373864323335333639663838366261373239
62643165336662396232333739363636383538333963646562386535313331343236633135346666
36393163666332306564346362393837653339373635623665343337326537343963623264376466
61343436633166303439306364653366373733643636663133653866303466356339323132363264
65653537333730316535616161373131623131363838386161616238306130326535663734626530
63393964316335316237366161356631303335353864363861313232356433653562383862323732
35656133313439643632396664353364346434303331383131643463633530373565653262333433
34313433313165336265666463346461373436303538646564643033613362333536333937333438
32343538653065666234633665356233396232383236656537373665373761306561363064316161
61633939636666333662633865616534663734303964383535633530616337623730666465306439
65393164366166646538386536383062363434643933373030626363643465396132616632333630
61383865326538656237323666333961346562336631303133366433383162623964633862333663
39616439613833373739316563383736663634323337326132663766636332303663616163643133
34313338646332626361363861333534383932323336363234326561626431653630623238373635
66333531626436393237363334343963373862316663393534636434313163376538326138616435
38646135373835343265633961666334666630386664313435313461383537396133383632633463
39316333343436656262313037636238373230336235303731316265393662346130636463323031
62366139313031366562323133633333336434393764356166663966343666356162393737323838
63616565356237303262656237666334613366386338626131376136396565646137393065373566
30326337653766616339393864346464636539376365343162353466386565386330303564363138
33343464366134346666306635303534393237666363643539313635643132666564313838366239
31316633623534376439386464663432313632383036356131656566313866356137623234646230
36316434623232656631393535386238346162393634613933323632363334333736376531376131
37653930623431363962333331616363316231343437313464626135323765363939363166663234
61306633353137306438616564333863376533313562316463326131353533373565613234313632
37383031326331323961656266353834366632383866626232623864653738663465353763363034
34373963646236376162636139393133353731333465653234336465386134356238346666613634
63353436613738316665613138326535383861316631643433613562366464643630393264386239
36643163306235336237623161363230353433613165663139393832666534636632323436373430
65353339363730323035626439386563393436333435626431666437363465626230613130343835
32343539646532653935643434643434346634393838613565333939636264616631313636636234
30336537653263306161616463353766613032653764326466386437383339363163363062646561
303862623338323531643935656364633562
