$ANSIBLE_VAULT;1.1;AES256
62313633613439396231646339623563623838613038633335633238623961633437333835326362
3865346439633133346263313439356238313765376531320a383036373264376464333133623037
65333938333363363630333464316164636466666364346466356436313030643464303630646235
3336306261666530620a373830366633653532613165306133643135646464343962636236373338
32636363633233653764666531636537323132363336666462623033303935653466663837666636
64323264363662616630313730326262346563323736643462323063396262363738623363636361
66663137623866613834353262613530616365623663396461313933633336386239616539626136
63363638306234343563643531366433353166313461396331626435393331363665373465613034
65613333383131323665306364653362343565343938666164363566393962323639303764343963
35353164643635316662643933666338323138616438333338636531376131666161386265386230
36326164643930623362346164616339316431613032316265613662613865393332666438393238
64383131616333303536363065666438623762353762646536613837306532363335656462376631
39343531303566363866326663626231356361613139616561383561363130653035353533373132
30313836383833396638613538633237353463323464613632616537613631653038316264666530
38386431626264393237613661643864633030383766663839643938653134323533383663616232
65663862656264333933353035346531386535313131353566616339333830386332626465643937
37303935656665393164623332663338623161373463383333303530373037313537646264383734
36663334663837356231353430623364626461336234653465356132393463313331366365303738
66616265326637623036383337313333653137653831396639616466343861386138653232316435
38303237373435656265376135363063656533373530306137663232643930383534653938383831
33396665343833653761396332326632333163613430356362616165646331656237333532393662
30613936643762343831333938323461666637643838626161636331396161343339656433323535
31323839343034626331616231383966333630613336613639373734313765346165663737616139
39323065363764303764646561666663653034646563666439333932646165626539333531336336
62386261346135393830636232383462616465336264323939313633366630646264313437646161
62653936633033656134323137376134613638303335623163663461626531623766323161333765
61313863386263636466623032363432643862656261336163323632636364376265393963313463
32333836343636386663656362316461396437613836353366346631633839376238346435346466
38626130326538643766653966653537643039303037623030336637303363396361343861373666
38303936653039373831336563643335326433376664383863343731383163636431353337353233
39366431306463366238353837313238646265356135393561333662663466333063316132333736
37343635396339636232343837373336646635643363643230373935646436303039663162636534
37613861323130333561366532373036356338373034663334383731666466313666353164303565
31326264363932333534636530313866346633383831333533323233313264653665626634376530
32393730393335636536393639313737303466346434613535656139336361323738663963633562
37626365663739323163636566656537656236636138353638653836646338316262346363646431
63633961343962663235663235663733383165343335613931323431663433383361636532656335
39343138313237633563326632366665353139303237316665346565663863396466663063376163
36306439303132343563373661313239656232656133313836633363393066646365376663333539
32366563303436663062
